##################################################################Probing##################################################################

src_ip='192.168.2.26'
port=8888
chunk_length=10
Timestamps: 1521665634.465942,1521665634.666545,1521665634.867234,1521665635.67913,1521665635.268538,1521665635.469052,1521665635.669725,1521665635.870417,1521665636.71076,1521665636.271786

src_ip='192.168.2.26'
port=8888
chunk_length=30
Timestamps: 1521665664.656088,1521665667.158909,1521665669.661945,1521665672.164823,1521665674.667834,1521665677.170824,1521665679.673812,1521665682.176823,1521665684.679688,1521665687.182663,1521665689.685657,1521665692.188557,1521665694.689102,1521665697.192089,1521665699.695005,1521665702.198042,1521665704.700998,1521665707.204008,1521665709.706921,1521665712.209936,1521665714.712933,1521665717.214146,1521665719.717021,1521665722.220021,1521665724.722812,1521665727.225784,1521665729.728755,1521665732.231616,1521665734.734615,1521665737.237537

src_ip='192.168.2.26'
port=9999
chunk_length=20
Timestamps: 1521665641.55205,1521665642.453193,1521665643.354548,1521665644.255879,1521665645.157233,1521665646.58619,1521665646.959889,1521665647.861322,1521665648.762197,1521665649.663531,1521665650.564857,1521665651.466236,1521665652.367575,1521665653.268308,1521665654.169579,1521665655.70945,1521665655.972343,1521665656.873661,1521665657.774796,1521665658.676092
###########################################################################################################################################
#################################################################Scanning#################################################################
###########################################################################################################################################