##############################################################Probing##############################################################

src_ip='192.168.2.26'
port=54220
chunk_length=4
Timestamps: 1521665051.178763,1521665054.83805,1521665054.84589,1521665054.126848

src_ip='192.168.2.26'
port=22
chunk_length=40
Timestamps: 1521664991.819044,1521664991.819455,1521664991.819509,1521664991.840982,1521664992.70267,1521664992.70685,1521664992.70871,1521664992.90977,1521664992.321619,1521664992.322129,1521664992.3223,1521664992.343946,1521664992.573102,1521664992.573632,1521664992.573748,1521664992.593143,1521664992.824473,1521664992.824848,1521664992.825033,1521664992.844323,1521664993.75882,1521664993.7624,1521664993.76466,1521664993.9696,1521664993.327244,1521664993.327656,1521664993.327761,1521664993.350489,1521664993.578547,1521664993.578972,1521664993.579068,1521664993.599466,1521664993.829928,1521664993.830481,1521664993.830563,1521664993.852564,1521664994.81393,1521664994.81956,1521664994.82082,1521664994.104814

src_ip='192.168.2.26'
port=111
chunk_length=40
Timestamps: 1521664999.42145,1521664999.42182,1521664999.421896,1521664999.422226,1521665000.17302,1521665000.173502,1521665000.173611,1521665000.173984,1521665000.924846,1521665000.925392,1521665000.925469,1521665000.925841,1521665001.676613,1521665001.677111,1521665001.677175,1521665001.677536,1521665002.428296,1521665002.428938,1521665002.429014,1521665002.429324,1521665003.180196,1521665003.180612,1521665003.180722,1521665003.181002,1521665003.931813,1521665003.93245,1521665003.932455,1521665003.932871,1521665004.683695,1521665004.684109,1521665004.684204,1521665004.684658,1521665005.435181,1521665005.435797,1521665005.435904,1521665005.43622,1521665006.18714,1521665006.18778,1521665006.187884,1521665006.188226

src_ip='192.168.2.26'
port=548
chunk_length=40
Timestamps: 1521665012.25247,1521665012.25725,1521665012.25729,1521665012.188254,1521665012.92718,1521665012.927702,1521665012.927807,1521665012.928187,1521665013.829188,1521665013.829813,1521665013.829892,1521665013.830281,1521665014.730833,1521665014.731334,1521665014.731442,1521665014.731985,1521665015.632922,1521665015.633585,1521665015.633677,1521665015.634119,1521665016.535068,1521665016.535501,1521665016.535707,1521665016.535965,1521665017.437144,1521665017.437498,1521665017.437681,1521665017.437962,1521665018.339111,1521665018.339729,1521665018.339836,1521665018.340317,1521665019.241169,1521665019.241628,1521665019.241737,1521665019.24215,1521665020.143159,1521665020.143686,1521665020.143803,1521665020.144125

src_ip='192.168.2.26'
port=999
chunk_length=40
Timestamps: 1521665026.129918,1521665026.130384,1521665026.130462,1521665026.130792,1521665028.633475,1521665028.634129,1521665028.634217,1521665028.634546,1521665031.137199,1521665031.13758,1521665031.13769,1521665031.138073,1521665033.640671,1521665033.641328,1521665033.641461,1521665033.64185,1521665036.144436,1521665036.144954,1521665036.145023,1521665036.145353,1521665038.648041,1521665038.648595,1521665038.648697,1521665038.649001,1521665041.151694,1521665041.152214,1521665041.15232,1521665041.152602,1521665043.654823,1521665043.655209,1521665043.655301,1521665043.655667,1521665046.158409,1521665046.158964,1521665046.159073,1521665046.159365,1521665048.662021,1521665048.662363,1521665048.662527,1521665048.662755

src_ip='54.230.49.196'
port=57152
chunk_length=22
Timestamps: 1521665031.54142,1521665031.74203,1521665031.77616,1521665031.97031,1521665031.9762,1521665031.100832,1521665031.101037,1521665031.101345,1521665031.101766,1521665031.1022,1521665031.103033,1521665031.103111,1521665031.103324,1521665031.103383,1521665031.103982,1521665031.104099,1521665031.10492,1521665031.104949,1521665031.105419,1521665031.105543,1521665031.105609,1521665031.146958

src_ip='172.217.9.234'
port=57153
chunk_length=11
Timestamps: 1521665047.475865,1521665047.494471,1521665047.495125,1521665047.51296,1521665047.512966,1521665047.513078,1521665047.51378,1521665047.515078,1521665047.515134,1521665047.515136,1521665047.534629
####################################################################################################################################
##############################################################Scanning##############################################################
####################################################################################################################################